[{"_raw":"CPU    pctUser    pctNice  pctSystem  pctIowait    pctIdle\nall       1.11       0.00       9.24       0.00      89.65\n0         0.00       0.00       8.99       0.00      91.01\n1         1.10       0.00      10.99       0.00      87.91\n2         1.09       0.00       9.78       0.00      89.13\n3         1.11       0.00       7.78       0.00      91.11\n4         2.33       0.00       9.30       0.00      88.37\n5         1.08       0.00       8.60       0.00      90.32\n","_time":1636488100.291,"source":"cpu","host":"us-dce1-splunk-hf01.asc","sourcetype":"cpu","index":"default","timestamp":"none","punct":"_______________________._______._______._______.__","cribl_breaker":"ndjson"},{"_raw":"CPU    pctUser    pctNice  pctSystem  pctIowait    pctIdle\nall       6.71       0.00       8.74       0.00      84.55\n0         2.20       0.00       5.49       0.00      92.31\n1         3.57       0.00       8.33       0.00      88.10\n2        43.48       0.00      13.04       0.00      43.48\n3         2.13       0.00      10.64       0.00      87.23\n4         2.22       0.00       7.78       0.00      90.00\n5         4.60       0.00       9.20       0.00      86.21\n","_time":1636488100.291,"source":"cpu","host":"us-dce1-splunk-hf01.asc","sourcetype":"cpu","index":"default","timestamp":"none","punct":"_______________________._______._______._______.__","cribl_breaker":"ndjson"},{"_raw":"CPU    pctUser    pctNice  pctSystem  pctIowait    pctIdle\nall       1.89       0.00      12.10       0.00      86.01\n0         1.10       0.00      14.29       0.00      84.62\n1         1.11       0.00      12.22       0.00      86.67\n2         2.30       0.00      12.64       0.00      85.06\n3         1.18       0.00      14.12       0.00      84.71\n4         1.11       0.00      10.00       0.00      88.89\n5         4.65       0.00       9.30       0.00      86.05\n","_time":1636488100.291,"source":"cpu","host":"us-dce1-splunk-hf01.asc","sourcetype":"cpu","index":"default","timestamp":"none","punct":"_______________________._______.______._______.___","cribl_breaker":"ndjson"},{"_raw":"CPU    pctUser    pctNice  pctSystem  pctIowait    pctIdle\nall       5.14       0.00       7.31       0.00      87.55\n0         0.00       0.00       6.45       0.00      93.55\n1         6.02       0.00       4.82       0.00      89.16\n2         0.00       0.00       6.52       0.00      93.48\n3        25.86       0.00      13.79       0.00      60.34\n4         5.88       0.00       8.24       0.00      85.88\n5         1.05       0.00       6.32       0.00      92.63\n","_time":1636488100.291,"source":"cpu","host":"us-dce1-splunk-hf01.asc","sourcetype":"cpu","index":"default","timestamp":"none","punct":"_______________________._______._______._______.__","cribl_breaker":"ndjson"},{"_raw":"CPU    pctUser    pctNice  pctSystem  pctIowait    pctIdle\nall       0.17       0.00       2.73       0.00      97.10\n0         0.00       0.00       2.04       0.00      97.96\n1         0.00       0.00       5.05       0.00      94.95\n2         1.06       0.00       2.13       0.00      96.81\n3         0.00       0.00       2.04       0.00      97.96\n4         0.00       0.00       2.04       0.00      97.96\n5         0.00       0.00       3.03       0.00      96.97\n","_time":1636488100.291,"source":"cpu","host":"us-dce1-splunk-hf01.asc","sourcetype":"cpu","index":"default","timestamp":"none","punct":"_______________________._______._______._______.__","cribl_breaker":"ndjson"},{"_raw":"CPU    pctUser    pctNice  pctSystem  pctIowait    pctIdle\nall       7.14       0.00      14.29       0.00      78.57\n0         2.38       0.00      16.67       0.00      80.95\n1         3.53       0.00      11.76       0.00      84.71\n2         6.58       0.00      15.79       0.00      77.63\n3        30.61       0.00      18.37       0.00      51.02\n4         6.10       0.00      13.41       0.00      80.49\n5         3.49       0.00      11.63       0.00      84.88\n","_time":1636488100.291,"source":"cpu","host":"us-dce1-splunk-hf01.asc","sourcetype":"cpu","index":"default","timestamp":"none","punct":"_______________________._______.______._______.___","cribl_breaker":"ndjson"},{"_raw":"CPU    pctUser    pctNice  pctSystem  pctIowait    pctIdle\nall       1.45       0.00       6.52       0.00      92.03\n0         1.11       0.00       6.67       0.00      92.22\n1         2.30       0.00       4.60       0.00      93.10\n2         1.08       0.00       5.38       0.00      93.55\n3         2.15       0.00       5.38       0.00      92.47\n4         0.00       0.00       7.37       0.00      92.63\n5         2.13       0.00       9.57       0.00      88.30\n","_time":1636488100.291,"source":"cpu","host":"us-dce1-splunk-hf01.asc","sourcetype":"cpu","index":"default","timestamp":"none","punct":"_______________________._______._______._______.__","cribl_breaker":"ndjson"},{"_raw":"CPU    pctUser    pctNice  pctSystem  pctIowait    pctIdle\nall       5.42       0.00       8.96       0.00      85.62\n0         2.41       0.00       8.43       0.00      89.16\n1         3.45       0.00       6.90       0.00      89.66\n2         3.37       0.00       8.99       0.00      87.64\n3        21.43       0.00      12.50       0.00      66.07\n4         2.25       0.00       5.62       0.00      92.13\n5         5.26       0.00      13.16       0.00      81.58\n","_time":1636488100.291,"source":"cpu","host":"us-dce1-splunk-hf01.asc","sourcetype":"cpu","index":"default","timestamp":"none","punct":"_______________________._______._______._______.__","cribl_breaker":"ndjson"},{"_raw":"CPU    pctUser    pctNice  pctSystem  pctIowait    pctIdle\nall       1.85       0.00      11.11       0.00      87.04\n0         2.15       0.00      12.90       0.00      84.95\n1         1.15       0.00       8.05       0.00      90.80\n2         1.08       0.00       9.68       0.00      89.25\n3         2.22       0.00      12.22       0.00      85.56\n4         3.41       0.00      11.36       0.00      85.23\n5         1.12       0.00      12.36       0.00      86.52\n","_time":1636488100.291,"source":"cpu","host":"us-dce1-splunk-hf01.asc","sourcetype":"cpu","index":"default","timestamp":"none","punct":"_______________________._______.______._______.___","cribl_breaker":"ndjson"},{"_raw":"CPU    pctUser    pctNice  pctSystem  pctIowait    pctIdle\nall       6.10       0.00       5.90       0.00      88.00\n0         0.00       0.00       5.05       0.00      94.95\n1        31.03       0.00      10.34       0.00      58.62\n2         5.68       0.00       4.55       0.00      89.77\n3         0.00       0.00       3.06       0.00      96.94\n4        10.71       0.00       9.52       0.00      79.76\n5         0.00       0.00       5.10       0.00      94.90\n","_time":1636488100.291,"source":"cpu","host":"us-dce1-splunk-hf01.asc","sourcetype":"cpu","index":"default","timestamp":"none","punct":"_______________________._______._______._______.__","cribl_breaker":"ndjson"}]